
==================================================================================================================================================
Statistic     Especie   Main Activity    Total     Interes and dividends  Retirement   Household Aid Institutional Aid Real State  Second Activity
--------------------------------------------------------------------------------------------------------------------------------------------------
Mean        222,171.500  317,655.400  -256,170.600      523,275.800      2,865,760.000  329,795.800                    855,903.100   718,811.200  
SD          155,875.100  295,921.200  -123,369.500      986,525.500      2,186,923.000  218,798.200                    845,557.400  1,074,890.000 
NA values     10,169       14,693        14,316           16,165            16,323        16,295          16,389         16,307        16,300     
Quantile_5    55,500       180,000      -150,000         3,641.850          781,242     34,166.350                       200,000       21,000     
Quantile_25   120,000      100,000      -500,000          25,000            897,500       116,667                        300,000       100,000    
Quantile_50   182,000      62,500     -209,877.700      97,916.500         2,000,000      225,000                        535,000       250,000    
Quantile_75   300,000      500,000    -183,811.300        400,000          3,950,000    455,000.200                      975,000       837,500    
Quantile_95   392,500      916,667       0.330           2,725,000         8,350,000      997,500                       2,750,000     2,500,000   
--------------------------------------------------------------------------------------------------------------------------------------------------
